Timestamp dT0 sum(dT0) dT1 sum(dT1) dT2 sum(dT2) L0 L1N L1S L2 30S(Tg) 15S(Tg) 15N(Tg) 30N(Tg)2035 0.2147 0.2147 0.0799 0.0799 0.035 0.035 0.0201 0 0 0 0. 0.602 0.602 0.
2036 0.204472327623 0.419172327623 0.0535714607209 0.133471460721 -0.0246508386056 0.0103491613944 0.0482407275915 0.00258861245309 0 0 0. 1.36956345 1.48605101 0.05177225
2037 0.286864907332 0.706037234955 0.045415053373 0.178886514094 -0.00770839520864 0.00264076618576 0.0754039321833 0.0053023544758 0 0 0. 2.10304733 2.34165328 0.10604709
2038 0.42101666651 1.12705390146 0.0312804607949 0.210166974889 -0.0365418104351 -0.0339010442494 0.107311403687 0.00580925069329 0 0 0. 3.04506459 3.30648087 0.11618501
2039 0.322315461974 1.44936936343 0.00572434883356 0.215891323723 -0.0096298899776 -0.043530934227 0.138428755043 0.00297514177719 0 0 0. 4.0636084 4.19748978 0.05950284
2040 0.0738339460121 1.52320330944 -0.0740462749036 0.141845048819 0.0675404420074 0.0240095077804 0.163894771322 0 0.00950764321154 0 0.19015286 5.05945779 4.63161384 0.
2041 0.0307542586432 1.55395756808 -0.0979055947085 0.0439394541105 0.0991804256906 0.123189933471 0.185846916325 0 0.0185637636016 0.0403793256293 1.9864483 4.64248417 3.80711481 1.61517303
2042 0.211253436686 1.76521100477 -0.0685168366755 -0.024577382565 0.00587199951739 0.129061932988 0.215193689522 0 0.0250946443481 0.00593008766323 0.73909639 6.65432772 5.52506873 0.23720351
2043 0.237788536604 2.00299954137 -0.0420561680916 -0.0666335506566 -0.021108132628 0.10795380036 0.242208512419 0 0.0286875467352 0 0.57375093 7.69656857 6.40562897 0.
2044 0.383581490905 2.38658103227 -0.0598804393598 -0.126513990016 0.0287734967335 0.136727297094 0.274073765115 0 0.0393824876191 0.000942273499845 0.82534069 8.78468206 7.01247012 0.03769094
2045 0.411108024013 2.79768905628 -0.110494186469 -0.237008176485 0.0132419488341 0.149969245928 0.304278477859 0 0.0555274212152 0 1.11054842 9.96126565 7.4625317 0.
2046 0.48189761099 3.27958666727 -0.0860697704061 -0.323077946891 -0.0505854336761 0.0993838122519 0.319148751142 0 0.0652264042586 0 1.30452809 10.5528586 7.61767041 0.
2047 0.257255043966 3.53684171124 -0.0689534732904 -0.392031420181 -0.022805499811 0.0765783124409 0.324501657031 0 0.0694281477885 0 1.38856296 10.77647193 7.65220528 0.
2048 0.0541793472491 3.59102105849 -0.116218242307 -0.508249662488 -0.0164847982682 0.0600935141727 0.326532951397 0 0.0803760169435 0 1.60752034 11.0016288 7.38470803 0.
2049 0.113565215775 3.70458627426 -0.110773275854 -0.619022938342 0.022043568919 0.0821370830917 0.334454053801 0 0.0898897410628 0 1.79779482 11.38196773 7.33692938 0.
2050 0.26251136284 3.9670976371 -0.141162765627 -0.760185703969 -0.0290833103948 0.0530537726969 0.346739823793 0 0.10657246211 0 2.13144924 12.00078165 7.20502085 0.
2051 0.377427690233 4.34452532733 -0.0359291917646 -0.796114895734 -0.0795462912951 -0.0264925185982 0.360505816877 0 0.105858789899 0 2.1171758 12.40305635 7.63941081 0.
2052 0.21466828742 4.55919361475 -0.0696077122481 -0.865722607982 -0.0302827422258 -0.056775260824 0.366211847026 0 0.114111209518 0 2.28222419 12.69802355 7.56301913 0.
2053 0.0076463637688 4.56683997852 -0.0874852848376 -0.95320789282 -0.007176142815 -0.063951403639 0.367319371841 0 0.12022074631 0 2.40441493 12.82289235 7.41295877 0.
2054 -0.0343630697928 4.53247690873 -0.101484953563 -1.05469284638 0.0706116859124 0.00666028227335 0.37067785259 0 0.128217929962 0 2.5643586 13.04360453 7.27379768 0.
2055 -0.0457776905538 4.48669921818 -0.155183977873 -1.20987682425 0.0106611842165 0.0173214664898 0.374387330854 0 0.143423510378 0 2.86847021 13.38297258 6.92891461 0.
2056 0.301488683475 4.78818790166 -0.154152919549 -1.3640297438 -0.070292321276 -0.0529708547862 0.391015645968 0 0.160889695304 0 3.21779391 14.14381481 6.90377852 0.
2057 0.150213506387 4.93840140805 -0.108595219287 -1.47262496309 -0.0634952073481 -0.116466062134 0.395752314955 0 0.1656267062 0 3.31253412 14.35697004 6.90376826 0.
2058 0.0689382289254 5.00733963698 -0.119731562265 -1.59235652536 -0.108089777793 -0.224555839927 0.400282644528 0 0.175368175471 0 3.50736351 14.63900197 6.74743407 0.
2059 0.0752353688265 5.08257500581 -0.0884559532054 -1.68081247857 -0.0436600786007 -0.268215918528 0.406530786999 0 0.18041987784 0 3.60839756 14.90222178 6.78332727 0.
2060 0.0885492186225 5.17112422443 -0.0641983078781 -1.74501078645 -0.0665671261285 -0.334783044657 0.413150978712 0 0.184359456807 0 3.68718914 15.15992121 6.86374566 0.
2061 0.122156736212 5.29328096064 -0.0733832115725 -1.81839399802 -0.0852118868923 -0.419994931549 0.420757562117 0 0.192002078809 0 3.84004158 15.50275805 6.8626645 0.
2062 0.0477576624634 5.3410386231 0.0498169774925 -1.76857702053 -0.0362563371863 -0.456251268735 0.425026121852 0 0.178730117253 0 3.57460235 15.43173541 7.38888014 0.
2063 0.135816617359 5.47685524046 -0.00941736692095 -1.77799438745 -0.0770176591731 -0.533268927908 0.433879142385 0 0.185948052603 0 3.71896105 15.80559506 7.43793269 0.
2064 0.0732405198552 5.55009576032 -0.0396118090666 -1.81760619652 -0.0738050045413 -0.607073932449 0.438830398875 0 0.191302042784 0 3.82604086 16.03444261 7.42585068 0.
2065 -0.09247465553 5.45762110479 -0.00519417911088 -1.82280037563 0.00684773579185 -0.600226196657 0.43886162253 0 0.186739079983 0 3.7347816 15.96693488 7.56367628 0.
2066 -0.0595623647719 5.39805874002 0.0270465468315 -1.7957538288 0.0386531739434 -0.561573022714 0.443130023737 0 0.182030900166 0 3.640618 16.02436421 7.83297371 0.
2067 0.0648297459825 5.462888486 0.0519065161599 -1.74384731264 -0.0287925046398 -0.590365527354 0.451348881276 0 0.177981763798 0 3.55963528 16.2101929 8.20101352 0.
2068 -0.0517714152271 5.41111707077 0.075632716154 -1.66821459649 -0.00936745231126 -0.599732979665 0.453023760688 0 0.168959428337 0 3.37918857 16.12510425 8.52192997 0.
2069 -0.246170789562 5.16494628121 0.0406100149048 -1.62760458159 0.0027181590743 -0.597014820591 0.44971742425 0 0.16450748662 0 3.29014973 15.95913503 8.55629813 0.
2070 -0.233747628582 4.93119865263 0.0568475603171 -1.57075702127 0.0115302431406 -0.58548457745 0.450423284054 0 0.15697905928 0 3.13958119 15.86738441 8.80332674 0.
2071 -0.0387950562719 4.89240359636 0.0427462584018 -1.52801076287 -0.0118363427461 -0.597320920196 0.458037064158 0 0.156250935328 0 3.12501871 16.08487595 9.05358386 0.

